185.2352295
195.7921182
187.2831301
183.1973368
191.4491338
183.1408601
192.5586571
194.9972934
185.3244015
185.9205825
193.2511625
186.3320243
190.6070055
181.9056988
190.6683387
195.863782
193.4198125
194.8183372
184.446735
190.2323979
184.083823
188.8247664
183.9503564
194.6837596
192.2870835
195.687652
189.9402007
181.6686331
182.0164827
189.9706767
192.1923284
195.1391236
195.2910638
181.6390169
182.2090708
192.3783549
184.5570654
186.0371149
189.9297453
190.5990412
190.8960472
181.7834954
189.9508714
193.7949867
195.5351031
182.2297552
189.4933148
189.7765216
187.2454579
195.2010475
183.3985041
195.1599495
182.0795298
190.6878705
183.6458271
192.7411347
193.6018085
182.4821903
186.2024747
186.4763763
193.3129301
181.9450059
191.031115
188.5325272
184.9660603
184.7827588
188.0011315
194.0221067
183.3864817
185.8760894
189.0500373
184.8625389
187.415005
194.4045141
181.7071381
183.5054136
181.9066048
190.8970982
183.9009784
193.2999024
195.6905816
185.371392
185.3761087
187.3713143
182.2503539
189.9484426
188.1969006
190.8461452
194.4161932
182.8099837
195.2279597
192.2467734
182.3839229
192.1334785
190.8014959
195.3230699
192.0581821
185.0990485
187.9198391
182.6353659
