191.0870858
204.7710984
206.3131487
210.1848888
198.5445002
204.8288677
206.5181155
185.9941281
207.7657407
189.7401815
204.1563366
188.6105038
202.2211318
188.9908858
195.0246695
199.2259492
197.9873106
204.3670505
193.1294182
210.4768136
191.8111166
209.716548
199.5661383
205.7484394
206.8537182
196.5475614
210.138686
193.7060821
197.1536583
202.1943407
185.9405406
192.4549122
186.3829696
192.5498048
195.1054936
199.4301045
191.3625276
199.1921044
207.3398504
202.7740787
206.1635376
199.2102614
203.6470328
188.8185495
203.447916
207.8568189
209.3041603
206.8035588
191.1313837
201.7587137
196.0495013
209.8778656
185.1696083
202.9299815
210.1474317
189.1969412
201.7755044
206.0963269
186.4173067
189.4525296
208.5108116
199.6236312
200.6741832
202.5143038
197.6921764
188.9901903
207.3160079
189.8411205
192.9909203
185.897851
188.5459096
193.8068248
204.6791617
193.5896849
191.2614414
189.0455771
206.8914139
198.1404189
194.8567812
193.3810652
202.2844076
191.1877584
192.6820104
208.0032992
185.1600026
195.4471331
201.0817907
189.1438483
201.7165055
194.8159044
191.0722944
202.8440546
194.3597855
204.6102892
194.9898929
184.9187758
184.8245886
202.0381706
209.6041687
206.8379297
