206.5895178
197.4249357
200.9280415
192.8958397
196.8464078
202.6595892
196.3655024
203.941876
189.9091741
188.9963854
202.9893138
195.7716004
204.6247644
192.5170278
200.9121472
192.7573607
208.0699842
188.018083
205.7281175
197.4204095
186.1417356
187.7039492
190.7430163
189.3117767
194.8318807
208.7652409
199.0734934
187.022736
194.6632341
188.8383193
206.471625
190.2285659
189.3952606
204.9501483
197.1566952
190.1964904
192.5399996
195.8835491
200.1600471
207.1392592
192.1185601
190.3920932
207.2462079
205.1265485
204.6456688
205.6192675
203.4649286
199.7496724
189.2107463
203.1444029
203.8714065
192.5837131
201.4009332
192.3227233
185.8907714
197.3476661
192.987249
193.566596
206.9371826
199.5387724
186.7440848
203.6651829
199.3702856
190.2174408
193.4670011
192.1605827
189.0032342
207.6651807
195.4594181
207.9095275
208.8503954
198.8478278
193.442161
186.452372
200.0031627
197.9892583
205.0219838
202.5809285
204.0022325
198.5837259
187.9746159
200.6037914
189.6124559
194.6560724
200.724283
198.9077669
204.4541998
197.2438079
206.0947519
197.2423809
187.751179
191.6578481
208.6696045
200.0453168
194.3223397
196.0976938
188.3510361
197.3468226
190.1904702
193.9216321
