185.8081455
194.8112675
189.4961661
191.0475564
181.6598683
193.5076002
183.0393683
186.2048453
185.5564062
188.0255617
189.1096249
186.5872378
182.9560599
191.1626102
183.7057455
195.8509643
181.3922697
183.0623556
188.8171799
192.9891565
193.6992957
187.8584285
192.8699185
192.39599
186.3352877
195.4365428
189.8138272
183.781154
195.7546158
190.7448275
186.1454189
182.7034974
188.3732145
191.54718
182.730743
187.3785057
187.2886974
183.0221063
187.6830794
184.2827584
191.975697
192.3490572
195.7298175
190.8419021
184.5315722
181.6142874
194.8047701
181.9100891
182.2541062
195.2808555
194.1620687
180.9199448
191.862815
181.3466326
181.7901015
190.0944921
193.6185939
193.2325662
181.3478531
193.9347032
186.7882108
185.0728558
182.7089819
191.1490592
188.9282857
187.6777235
184.9617032
181.5155652
189.8493532
190.3513924
193.238218
185.3256624
190.6323528
192.6113564
181.9831586
193.0784292
193.9318217
181.8016435
189.4177272
184.0575072
194.651371
182.9557704
188.5947664
185.4037204
193.4298445
194.9885755
180.6782639
186.7285569
187.6650829
186.5791432
191.3715991
195.6538902
182.6166166
188.2022245
184.9486432
188.1969348
191.111081
193.8073363
193.9673703
186.3141865
