205.147344
188.7778364
193.7367706
191.0289841
192.1115852
196.2764486
193.8791887
199.4351462
192.9871974
200.5248674
201.0393352
202.2300249
198.2518146
206.085373
196.9542925
191.5492621
194.9709585
199.7477694
206.7763357
210.5053075
209.7259042
210.8975872
209.364461
186.4476172
186.1334338
208.1629345
205.9935374
206.4575321
198.7586373
197.7333341
197.0522148
204.2846735
189.2159033
188.9816991
193.903667
189.0953338
197.2307114
186.49349
203.7779138
187.9282652
204.799343
191.9388221
189.7397879
206.9352589
198.0234729
197.9770808
200.9451057
208.3404512
193.951561
207.2756934
198.9775934
189.0512341
188.1959052
208.0024562
191.5595651
189.461554
205.5615446
209.2927137
189.5343831
209.7838371
206.2736392
199.4988138
187.8804628
195.5703467
196.547832
202.1745373
201.7458236
190.7824236
204.9917034
202.9345886
187.1438635
207.1650697
198.7423796
209.3572696
195.0653693
201.2439724
208.5128316
194.3173961
185.8092454
203.4592184
197.2425612
185.5679912
197.7869535
204.6757929
187.7484746
208.4314291
188.018995
186.6531212
210.0812971
199.9660888
210.1094945
198.5359547
202.5899878
198.6062073
208.5996386
194.6810199
210.8609425
205.1171354
199.868774
208.7335083
